tstep 	 iter 	 PG[MW] 	 ThPow [MW] 	 PGMAX [MW]
1 	 1 	 60 	 92.3076752573252 	 60
1 	 2 	 60 	 92.3076752573252 	 60
1 	 3 	 6.01735258102417 	 32.016196748643 	 6.01735252575363
1 	 4 	 6.01735258102417 	 32.016196748643 	 6.01735252575363
1 	 5 	 6.01735258102417 	 32.016196748643 	 6.01735252575363
2 	 1 	 6.01735258102417 	 32.016196748643 	 60
2 	 2 	 51.0173530578613 	 83.8309228503615 	 60
2 	 3 	 6.0173511505127 	 32.0161903435877 	 6.01735137741135
3 	 1 	 6.0173511505127 	 32.0161903435877 	 60
3 	 2 	 51.0173530578613 	 83.8309228503615 	 60
3 	 3 	 6.0173511505127 	 32.0161903435877 	 6.01735137741135
4 	 1 	 6.0173511505127 	 32.0161903435877 	 60
4 	 2 	 51.0173530578613 	 83.8309228503615 	 60
4 	 3 	 5.52043533325195 	 29.7584390024457 	 5.52043533757078
5 	 1 	 5.52043533325195 	 29.7584390024457 	 60
5 	 2 	 50.520435333252 	 83.615942398081 	 60
5 	 3 	 4.03407669067383 	 22.6055875474587 	 4.03407665751663
6 	 1 	 4.03407669067383 	 22.6055875474587 	 60
6 	 2 	 49.0340766906738 	 83.0898691412547 	 60
6 	 3 	 2.38584423065186 	 13.9491474997634 	 2.38584418759941
7 	 1 	 2.38584423065186 	 13.9491474997634 	 60
7 	 2 	 47.3858451843262 	 82.6871529335969 	 60
7 	 3 	 0.71593713760376 	 4.36720759147727 	 0.715937141336124
8 	 1 	 0.71593713760376 	 4.36720759147727 	 60
8 	 2 	 45.7159385681152 	 82.4383313338741 	 60
8 	 3 	 0 	 0 	 0
9 	 1 	 0 	 0 	 60
9 	 2 	 45 	 82.3717845312785 	 60
9 	 3 	 0 	 0 	 0
10 	 1 	 0 	 0 	 60
10 	 2 	 45 	 82.3717845312785 	 60
10 	 3 	 0 	 0 	 0
11 	 1 	 0 	 0 	 60
11 	 2 	 45 	 82.3717845312785 	 60
11 	 3 	 0 	 0 	 0
12 	 1 	 0 	 0 	 60
12 	 2 	 45 	 82.3717845312785 	 60
12 	 3 	 0 	 0 	 0
13 	 1 	 0 	 0 	 60
13 	 2 	 45 	 82.3717845312785 	 60
13 	 3 	 0 	 0 	 0
14 	 1 	 0 	 0 	 60
14 	 2 	 45 	 82.3717845312785 	 60
14 	 3 	 0 	 0 	 0
15 	 1 	 -9.99999996004197E-12 	 -6.21082621318074E-11 	 60
15 	 2 	 45 	 82.3717845312785 	 60
15 	 3 	 -9.99999996004197E-12 	 -6.21082621318074E-11 	 0
16 	 1 	 9.99999996004197E-12 	 6.21082621317763E-11 	 60
16 	 2 	 45 	 82.3717845312785 	 60
16 	 3 	 0 	 0 	 0
17 	 1 	 0 	 0 	 60
17 	 2 	 45 	 82.3717845312785 	 60
17 	 3 	 -9.99999996004197E-12 	 -6.21082621318074E-11 	 0
18 	 1 	 0 	 0 	 60
18 	 2 	 45 	 82.3717845312785 	 60
18 	 3 	 -9.99999996004197E-12 	 -6.21082621318074E-11 	 0
19 	 1 	 0 	 0 	 60
19 	 2 	 45 	 82.3717845312785 	 60
19 	 3 	 0 	 0 	 0
20 	 1 	 0 	 0 	 60
20 	 2 	 45 	 82.3717845312785 	 60
20 	 3 	 0 	 0 	 0
21 	 1 	 0 	 0 	 60
21 	 2 	 45 	 82.3717845312785 	 60
21 	 3 	 0 	 0 	 0
22 	 1 	 0 	 0 	 60
22 	 2 	 45 	 82.3717845312785 	 60
22 	 3 	 0 	 0 	 0
23 	 1 	 0 	 0 	 60
23 	 2 	 45 	 82.3717845312785 	 60
23 	 3 	 0 	 0 	 0
24 	 1 	 0 	 0 	 60
24 	 2 	 45 	 82.3717845312785 	 60
24 	 3 	 0 	 0 	 0
25 	 1 	 0 	 0 	 60
25 	 2 	 45 	 82.3717845312785 	 60
25 	 3 	 0 	 0 	 0
26 	 1 	 0 	 0 	 60
26 	 2 	 45 	 82.3717845312785 	 60
26 	 3 	 0 	 0 	 0
27 	 1 	 0 	 0 	 60
27 	 2 	 45 	 82.3717845312785 	 60
27 	 3 	 0 	 0 	 0
28 	 1 	 0 	 0 	 60
28 	 2 	 45 	 82.3717845312785 	 60
28 	 3 	 0 	 0 	 0
29 	 1 	 0 	 0 	 60
29 	 2 	 45 	 82.3717845312785 	 60
29 	 3 	 0 	 0 	 0
30 	 1 	 0 	 0 	 60
30 	 2 	 45 	 82.3717845312785 	 60
30 	 3 	 0 	 0 	 0
31 	 1 	 0 	 0 	 60
31 	 2 	 45 	 82.3717845312785 	 60
31 	 3 	 0 	 0 	 0
32 	 1 	 0 	 0 	 60
32 	 2 	 45 	 82.3717845312785 	 60
32 	 3 	 0 	 0 	 0
33 	 1 	 0 	 0 	 60
33 	 2 	 45 	 82.3717845312785 	 60
33 	 3 	 0 	 0 	 0
34 	 1 	 0 	 0 	 60
34 	 2 	 45 	 82.3717845312785 	 60
34 	 3 	 0 	 0 	 0
35 	 1 	 0 	 0 	 60
35 	 2 	 45 	 82.3717845312785 	 60
35 	 3 	 0 	 0 	 0
36 	 1 	 0 	 0 	 60
36 	 2 	 45 	 82.3717845312785 	 60
36 	 3 	 0 	 0 	 0
37 	 1 	 0 	 0 	 60
37 	 2 	 45 	 82.3717845312785 	 60
37 	 3 	 0 	 0 	 0
38 	 1 	 0 	 0 	 60
38 	 2 	 45 	 82.3717845312785 	 60
38 	 3 	 0 	 0 	 0
39 	 1 	 0 	 0 	 60
39 	 2 	 45 	 82.3717845312785 	 60
39 	 3 	 0 	 0 	 0
40 	 1 	 0 	 0 	 60
40 	 2 	 45 	 82.3717845312785 	 60
40 	 3 	 0 	 0 	 0
41 	 1 	 0 	 0 	 60
41 	 2 	 45 	 82.3717845312785 	 60
41 	 3 	 0 	 0 	 0
42 	 1 	 0 	 0 	 60
42 	 2 	 45 	 82.3717845312785 	 60
42 	 3 	 0 	 0 	 0
43 	 1 	 0 	 0 	 60
43 	 2 	 45 	 82.3717845312785 	 60
43 	 3 	 9.99999996004197E-12 	 6.21082621317763E-11 	 0
44 	 1 	 0 	 0 	 60
44 	 2 	 45 	 82.3717845312785 	 60
44 	 3 	 0 	 0 	 0
45 	 1 	 0 	 0 	 60
45 	 2 	 45 	 82.3717845312785 	 60
45 	 3 	 0 	 0 	 0
46 	 1 	 0 	 0 	 60
46 	 2 	 45 	 82.3717845312785 	 60
46 	 3 	 0 	 0 	 0
47 	 1 	 0 	 0 	 60
47 	 2 	 45 	 82.3717845312785 	 60
47 	 3 	 0 	 0 	 0
48 	 1 	 0 	 0 	 60
48 	 2 	 45 	 82.3717845312785 	 60
48 	 3 	 0 	 0 	 0
49 	 1 	 0 	 0 	 60
49 	 2 	 45 	 82.3717845312785 	 60
49 	 3 	 0 	 0 	 0
50 	 1 	 0 	 0 	 60
50 	 2 	 45 	 82.3717845312785 	 60
50 	 3 	 0 	 0 	 0
51 	 1 	 0 	 0 	 60
51 	 2 	 45 	 82.3717845312785 	 60
51 	 3 	 0 	 0 	 0
52 	 1 	 0 	 0 	 60
52 	 2 	 45 	 82.3717845312785 	 60
52 	 3 	 0 	 0 	 0
53 	 1 	 0 	 0 	 60
53 	 2 	 45 	 82.3717845312785 	 60
53 	 3 	 0 	 0 	 0
54 	 1 	 0 	 0 	 60
54 	 2 	 45 	 82.3717845312785 	 60
54 	 3 	 0 	 0 	 0
55 	 1 	 0 	 0 	 60
55 	 2 	 45 	 82.3717845312785 	 60
55 	 3 	 0 	 0 	 0
56 	 1 	 9.99999996004197E-12 	 6.21082621317763E-11 	 60
56 	 2 	 45 	 82.3717845312785 	 60
56 	 3 	 -9.99999996004197E-12 	 -6.21082621318074E-11 	 0
56 	 4 	 0 	 0 	 0
56 	 5 	 0 	 0 	 0
56 	 6 	 0 	 0 	 0
56 	 7 	 0 	 0 	 0
56 	 8 	 0 	 0 	 0
56 	 9 	 0 	 0 	 0
56 	 10 	 0 	 0 	 0
56 	 11 	 0 	 0 	 0
56 	 12 	 0 	 0 	 0
56 	 13 	 0 	 0 	 0
56 	 14 	 0 	 0 	 0
56 	 15 	 0 	 0 	 0
56 	 16 	 0 	 0 	 0
56 	 17 	 0 	 0 	 0
56 	 18 	 0 	 0 	 0
56 	 19 	 0 	 0 	 0
56 	 20 	 0 	 0 	 0
57 	 1 	 -9.99999996004197E-12 	 -6.21082621318074E-11 	 60
57 	 2 	 45 	 82.3717845312785 	 60
57 	 3 	 0 	 0 	 0
57 	 4 	 -9.99999996004197E-12 	 -6.21082621318074E-11 	 0
57 	 5 	 -9.99999996004197E-12 	 -6.21082621318074E-11 	 0
57 	 6 	 -9.99999996004197E-12 	 -6.21082621318074E-11 	 0
57 	 7 	 -9.99999996004197E-12 	 -6.21082621318074E-11 	 0
57 	 8 	 -9.99999996004197E-12 	 -6.21082621318074E-11 	 0
57 	 9 	 -9.99999996004197E-12 	 -6.21082621318074E-11 	 0
57 	 10 	 -9.99999996004197E-12 	 -6.21082621318074E-11 	 0
57 	 11 	 -9.99999996004197E-12 	 -6.21082621318074E-11 	 0
57 	 12 	 -9.99999996004197E-12 	 -6.21082621318074E-11 	 0
57 	 13 	 -9.99999996004197E-12 	 -6.21082621318074E-11 	 0
57 	 14 	 -9.99999996004197E-12 	 -6.21082621318074E-11 	 0
57 	 15 	 -9.99999996004197E-12 	 -6.21082621318074E-11 	 0
57 	 16 	 -9.99999996004197E-12 	 -6.21082621318074E-11 	 0
57 	 17 	 -9.99999996004197E-12 	 -6.21082621318074E-11 	 0
57 	 18 	 -9.99999996004197E-12 	 -6.21082621318074E-11 	 0
57 	 19 	 -9.99999996004197E-12 	 -6.21082621318074E-11 	 0
57 	 20 	 -9.99999996004197E-12 	 -6.21082621318074E-11 	 0
58 	 1 	 -9.99999996004197E-12 	 -6.21082621318074E-11 	 60
58 	 2 	 45 	 82.3717845312785 	 60
58 	 3 	 0 	 0 	 0
58 	 4 	 -9.99999996004197E-12 	 -6.21082621318074E-11 	 0
58 	 5 	 -9.99999996004197E-12 	 -6.21082621318074E-11 	 0
58 	 6 	 -9.99999996004197E-12 	 -6.21082621318074E-11 	 0
58 	 7 	 -9.99999996004197E-12 	 -6.21082621318074E-11 	 0
58 	 8 	 -9.99999996004197E-12 	 -6.21082621318074E-11 	 0
58 	 9 	 -9.99999996004197E-12 	 -6.21082621318074E-11 	 0
58 	 10 	 -9.99999996004197E-12 	 -6.21082621318074E-11 	 0
58 	 11 	 -9.99999996004197E-12 	 -6.21082621318074E-11 	 0
58 	 12 	 -9.99999996004197E-12 	 -6.21082621318074E-11 	 0
58 	 13 	 -9.99999996004197E-12 	 -6.21082621318074E-11 	 0
58 	 14 	 -9.99999996004197E-12 	 -6.21082621318074E-11 	 0
58 	 15 	 -9.99999996004197E-12 	 -6.21082621318074E-11 	 0
58 	 16 	 -9.99999996004197E-12 	 -6.21082621318074E-11 	 0
58 	 17 	 -9.99999996004197E-12 	 -6.21082621318074E-11 	 0
58 	 18 	 -9.99999996004197E-12 	 -6.21082621318074E-11 	 0
58 	 19 	 -9.99999996004197E-12 	 -6.21082621318074E-11 	 0
58 	 20 	 -9.99999996004197E-12 	 -6.21082621318074E-11 	 0
59 	 1 	 -9.99999996004197E-12 	 -6.21082621318074E-11 	 60
59 	 2 	 45 	 82.3717845312785 	 60
59 	 3 	 0 	 0 	 0
59 	 4 	 -9.99999996004197E-12 	 -6.21082621318074E-11 	 0
59 	 5 	 -9.99999996004197E-12 	 -6.21082621318074E-11 	 0
59 	 6 	 -9.99999996004197E-12 	 -6.21082621318074E-11 	 0
59 	 7 	 -9.99999996004197E-12 	 -6.21082621318074E-11 	 0
59 	 8 	 -9.99999996004197E-12 	 -6.21082621318074E-11 	 0
59 	 9 	 -9.99999996004197E-12 	 -6.21082621318074E-11 	 0
59 	 10 	 -9.99999996004197E-12 	 -6.21082621318074E-11 	 0
59 	 11 	 -9.99999996004197E-12 	 -6.21082621318074E-11 	 0
59 	 12 	 -9.99999996004197E-12 	 -6.21082621318074E-11 	 0
59 	 13 	 -9.99999996004197E-12 	 -6.21082621318074E-11 	 0
59 	 14 	 -9.99999996004197E-12 	 -6.21082621318074E-11 	 0
59 	 15 	 -9.99999996004197E-12 	 -6.21082621318074E-11 	 0
59 	 16 	 -9.99999996004197E-12 	 -6.21082621318074E-11 	 0
59 	 17 	 -9.99999996004197E-12 	 -6.21082621318074E-11 	 0
59 	 18 	 -9.99999996004197E-12 	 -6.21082621318074E-11 	 0
59 	 19 	 -9.99999996004197E-12 	 -6.21082621318074E-11 	 0
59 	 20 	 -9.99999996004197E-12 	 -6.21082621318074E-11 	 0
60 	 1 	 -9.99999996004197E-12 	 -6.21082621318074E-11 	 60
60 	 2 	 45 	 82.3717845312785 	 60
60 	 3 	 0 	 0 	 0
60 	 4 	 -9.99999996004197E-12 	 -6.21082621318074E-11 	 0
60 	 5 	 -9.99999996004197E-12 	 -6.21082621318074E-11 	 0
60 	 6 	 -9.99999996004197E-12 	 -6.21082621318074E-11 	 0
60 	 7 	 -9.99999996004197E-12 	 -6.21082621318074E-11 	 0
60 	 8 	 -9.99999996004197E-12 	 -6.21082621318074E-11 	 0
60 	 9 	 -9.99999996004197E-12 	 -6.21082621318074E-11 	 0
60 	 10 	 -9.99999996004197E-12 	 -6.21082621318074E-11 	 0
60 	 11 	 -9.99999996004197E-12 	 -6.21082621318074E-11 	 0
60 	 12 	 -9.99999996004197E-12 	 -6.21082621318074E-11 	 0
60 	 13 	 -9.99999996004197E-12 	 -6.21082621318074E-11 	 0
60 	 14 	 -9.99999996004197E-12 	 -6.21082621318074E-11 	 0
60 	 15 	 -9.99999996004197E-12 	 -6.21082621318074E-11 	 0
60 	 16 	 -9.99999996004197E-12 	 -6.21082621318074E-11 	 0
60 	 17 	 -9.99999996004197E-12 	 -6.21082621318074E-11 	 0
60 	 18 	 -9.99999996004197E-12 	 -6.21082621318074E-11 	 0
60 	 19 	 -9.99999996004197E-12 	 -6.21082621318074E-11 	 0
60 	 20 	 -9.99999996004197E-12 	 -6.21082621318074E-11 	 0
61 	 1 	 0 	 0 	 60
61 	 2 	 45 	 82.3717845312785 	 60
61 	 3 	 -9.99999996004197E-12 	 -6.21082621318074E-11 	 0
61 	 4 	 9.99999996004197E-12 	 6.21082621317763E-11 	 0
61 	 5 	 9.99999996004197E-12 	 6.21082621317763E-11 	 0
61 	 6 	 9.99999996004197E-12 	 6.21082621317763E-11 	 0
61 	 7 	 9.99999996004197E-12 	 6.21082621317763E-11 	 0
61 	 8 	 9.99999996004197E-12 	 6.21082621317763E-11 	 0
61 	 9 	 9.99999996004197E-12 	 6.21082621317763E-11 	 0
61 	 10 	 9.99999996004197E-12 	 6.21082621317763E-11 	 0
61 	 11 	 9.99999996004197E-12 	 6.21082621317763E-11 	 0
61 	 12 	 9.99999996004197E-12 	 6.21082621317763E-11 	 0
61 	 13 	 9.99999996004197E-12 	 6.21082621317763E-11 	 0
61 	 14 	 9.99999996004197E-12 	 6.21082621317763E-11 	 0
61 	 15 	 9.99999996004197E-12 	 6.21082621317763E-11 	 0
61 	 16 	 9.99999996004197E-12 	 6.21082621317763E-11 	 0
61 	 17 	 9.99999996004197E-12 	 6.21082621317763E-11 	 0
61 	 18 	 9.99999996004197E-12 	 6.21082621317763E-11 	 0
61 	 19 	 9.99999996004197E-12 	 6.21082621317763E-11 	 0
61 	 20 	 9.99999996004197E-12 	 6.21082621317763E-11 	 0
62 	 1 	 9.99999996004197E-12 	 6.21082621317763E-11 	 60
62 	 2 	 45 	 82.3717845312785 	 60
62 	 3 	 0 	 0 	 0
62 	 4 	 9.99999996004197E-12 	 6.21082621317763E-11 	 0
62 	 5 	 9.99999996004197E-12 	 6.21082621317763E-11 	 0
62 	 6 	 9.99999996004197E-12 	 6.21082621317763E-11 	 0
62 	 7 	 9.99999996004197E-12 	 6.21082621317763E-11 	 0
62 	 8 	 9.99999996004197E-12 	 6.21082621317763E-11 	 0
62 	 9 	 9.99999996004197E-12 	 6.21082621317763E-11 	 0
62 	 10 	 9.99999996004197E-12 	 6.21082621317763E-11 	 0
62 	 11 	 9.99999996004197E-12 	 6.21082621317763E-11 	 0
62 	 12 	 9.99999996004197E-12 	 6.21082621317763E-11 	 0
62 	 13 	 9.99999996004197E-12 	 6.21082621317763E-11 	 0
62 	 14 	 9.99999996004197E-12 	 6.21082621317763E-11 	 0
62 	 15 	 9.99999996004197E-12 	 6.21082621317763E-11 	 0
62 	 16 	 9.99999996004197E-12 	 6.21082621317763E-11 	 0
62 	 17 	 9.99999996004197E-12 	 6.21082621317763E-11 	 0
62 	 18 	 9.99999996004197E-12 	 6.21082621317763E-11 	 0
62 	 19 	 9.99999996004197E-12 	 6.21082621317763E-11 	 0
62 	 20 	 9.99999996004197E-12 	 6.21082621317763E-11 	 0
63 	 1 	 0 	 0 	 60
63 	 2 	 45 	 82.3717845312785 	 60
63 	 3 	 9.99999996004197E-12 	 6.21082621317763E-11 	 0
63 	 4 	 9.99999996004197E-12 	 6.21082621317763E-11 	 0
63 	 5 	 9.99999996004197E-12 	 6.21082621317763E-11 	 0
63 	 6 	 9.99999996004197E-12 	 6.21082621317763E-11 	 0
63 	 7 	 9.99999996004197E-12 	 6.21082621317763E-11 	 0
63 	 8 	 9.99999996004197E-12 	 6.21082621317763E-11 	 0
63 	 9 	 9.99999996004197E-12 	 6.21082621317763E-11 	 0
63 	 10 	 9.99999996004197E-12 	 6.21082621317763E-11 	 0
63 	 11 	 9.99999996004197E-12 	 6.21082621317763E-11 	 0
63 	 12 	 9.99999996004197E-12 	 6.21082621317763E-11 	 0
63 	 13 	 9.99999996004197E-12 	 6.21082621317763E-11 	 0
63 	 14 	 9.99999996004197E-12 	 6.21082621317763E-11 	 0
63 	 15 	 9.99999996004197E-12 	 6.21082621317763E-11 	 0
63 	 16 	 9.99999996004197E-12 	 6.21082621317763E-11 	 0
63 	 17 	 9.99999996004197E-12 	 6.21082621317763E-11 	 0
63 	 18 	 9.99999996004197E-12 	 6.21082621317763E-11 	 0
63 	 19 	 9.99999996004197E-12 	 6.21082621317763E-11 	 0
63 	 20 	 9.99999996004197E-12 	 6.21082621317763E-11 	 0
64 	 1 	 9.99999996004197E-12 	 6.21082621317763E-11 	 60
64 	 2 	 45 	 82.3717845312785 	 60
64 	 3 	 9.99999996004197E-12 	 6.21082621317763E-11 	 0
64 	 4 	 9.99999996004197E-12 	 6.21082621317763E-11 	 0
64 	 5 	 9.99999996004197E-12 	 6.21082621317763E-11 	 0
64 	 6 	 9.99999996004197E-12 	 6.21082621317763E-11 	 0
64 	 7 	 9.99999996004197E-12 	 6.21082621317763E-11 	 0
64 	 8 	 9.99999996004197E-12 	 6.21082621317763E-11 	 0
64 	 9 	 9.99999996004197E-12 	 6.21082621317763E-11 	 0
64 	 10 	 9.99999996004197E-12 	 6.21082621317763E-11 	 0
64 	 11 	 9.99999996004197E-12 	 6.21082621317763E-11 	 0
64 	 12 	 9.99999996004197E-12 	 6.21082621317763E-11 	 0
64 	 13 	 9.99999996004197E-12 	 6.21082621317763E-11 	 0
64 	 14 	 9.99999996004197E-12 	 6.21082621317763E-11 	 0
64 	 15 	 9.99999996004197E-12 	 6.21082621317763E-11 	 0
64 	 16 	 9.99999996004197E-12 	 6.21082621317763E-11 	 0
64 	 17 	 9.99999996004197E-12 	 6.21082621317763E-11 	 0
64 	 18 	 9.99999996004197E-12 	 6.21082621317763E-11 	 0
64 	 19 	 9.99999996004197E-12 	 6.21082621317763E-11 	 0
64 	 20 	 9.99999996004197E-12 	 6.21082621317763E-11 	 0
65 	 1 	 9.99999996004197E-12 	 6.21082621317763E-11 	 60
65 	 2 	 45 	 82.3717845312785 	 60
65 	 3 	 0 	 0 	 0
65 	 4 	 9.99999996004197E-12 	 6.21082621317763E-11 	 0
65 	 5 	 9.99999996004197E-12 	 6.21082621317763E-11 	 0
65 	 6 	 9.99999996004197E-12 	 6.21082621317763E-11 	 0
65 	 7 	 9.99999996004197E-12 	 6.21082621317763E-11 	 0
65 	 8 	 9.99999996004197E-12 	 6.21082621317763E-11 	 0
65 	 9 	 9.99999996004197E-12 	 6.21082621317763E-11 	 0
65 	 10 	 9.99999996004197E-12 	 6.21082621317763E-11 	 0
65 	 11 	 9.99999996004197E-12 	 6.21082621317763E-11 	 0
65 	 12 	 9.99999996004197E-12 	 6.21082621317763E-11 	 0
65 	 13 	 9.99999996004197E-12 	 6.21082621317763E-11 	 0
65 	 14 	 9.99999996004197E-12 	 6.21082621317763E-11 	 0
65 	 15 	 9.99999996004197E-12 	 6.21082621317763E-11 	 0
65 	 16 	 9.99999996004197E-12 	 6.21082621317763E-11 	 0
65 	 17 	 9.99999996004197E-12 	 6.21082621317763E-11 	 0
65 	 18 	 9.99999996004197E-12 	 6.21082621317763E-11 	 0
65 	 19 	 9.99999996004197E-12 	 6.21082621317763E-11 	 0
65 	 20 	 9.99999996004197E-12 	 6.21082621317763E-11 	 0
66 	 1 	 9.99999996004197E-12 	 6.21082621317763E-11 	 60
66 	 2 	 45 	 82.3717845312785 	 60
66 	 3 	 0 	 0 	 0
66 	 4 	 9.99999996004197E-12 	 6.21082621317763E-11 	 0
66 	 5 	 9.99999996004197E-12 	 6.21082621317763E-11 	 0
66 	 6 	 9.99999996004197E-12 	 6.21082621317763E-11 	 0
66 	 7 	 9.99999996004197E-12 	 6.21082621317763E-11 	 0
66 	 8 	 9.99999996004197E-12 	 6.21082621317763E-11 	 0
66 	 9 	 9.99999996004197E-12 	 6.21082621317763E-11 	 0
66 	 10 	 9.99999996004197E-12 	 6.21082621317763E-11 	 0
66 	 11 	 9.99999996004197E-12 	 6.21082621317763E-11 	 0
66 	 12 	 9.99999996004197E-12 	 6.21082621317763E-11 	 0
66 	 13 	 9.99999996004197E-12 	 6.21082621317763E-11 	 0
66 	 14 	 9.99999996004197E-12 	 6.21082621317763E-11 	 0
66 	 15 	 9.99999996004197E-12 	 6.21082621317763E-11 	 0
66 	 16 	 9.99999996004197E-12 	 6.21082621317763E-11 	 0
66 	 17 	 9.99999996004197E-12 	 6.21082621317763E-11 	 0
66 	 18 	 9.99999996004197E-12 	 6.21082621317763E-11 	 0
66 	 19 	 9.99999996004197E-12 	 6.21082621317763E-11 	 0
66 	 20 	 9.99999996004197E-12 	 6.21082621317763E-11 	 0
67 	 1 	 9.99999996004197E-12 	 6.21082621317763E-11 	 60
67 	 2 	 45 	 82.3717845312785 	 60
67 	 3 	 -1.99999999200839E-11 	 -1.24216524263646E-10 	 0
67 	 4 	 9.99999996004197E-12 	 6.21082621317763E-11 	 0
67 	 5 	 9.99999996004197E-12 	 6.21082621317763E-11 	 0
67 	 6 	 9.99999996004197E-12 	 6.21082621317763E-11 	 0
67 	 7 	 9.99999996004197E-12 	 6.21082621317763E-11 	 0
67 	 8 	 9.99999996004197E-12 	 6.21082621317763E-11 	 0
67 	 9 	 9.99999996004197E-12 	 6.21082621317763E-11 	 0
67 	 10 	 9.99999996004197E-12 	 6.21082621317763E-11 	 0
67 	 11 	 9.99999996004197E-12 	 6.21082621317763E-11 	 0
67 	 12 	 9.99999996004197E-12 	 6.21082621317763E-11 	 0
67 	 13 	 9.99999996004197E-12 	 6.21082621317763E-11 	 0
67 	 14 	 9.99999996004197E-12 	 6.21082621317763E-11 	 0
67 	 15 	 9.99999996004197E-12 	 6.21082621317763E-11 	 0
67 	 16 	 9.99999996004197E-12 	 6.21082621317763E-11 	 0
67 	 17 	 9.99999996004197E-12 	 6.21082621317763E-11 	 0
67 	 18 	 9.99999996004197E-12 	 6.21082621317763E-11 	 0
67 	 19 	 9.99999996004197E-12 	 6.21082621317763E-11 	 0
67 	 20 	 9.99999996004197E-12 	 6.21082621317763E-11 	 0
68 	 1 	 9.99999996004197E-12 	 6.21082621317763E-11 	 60
68 	 2 	 45 	 82.3717845312785 	 60
68 	 3 	 -1.99999999200839E-11 	 -1.24216524263646E-10 	 0
68 	 4 	 9.99999996004197E-12 	 6.21082621317763E-11 	 0
68 	 5 	 9.99999996004197E-12 	 6.21082621317763E-11 	 0
68 	 6 	 9.99999996004197E-12 	 6.21082621317763E-11 	 0
68 	 7 	 9.99999996004197E-12 	 6.21082621317763E-11 	 0
68 	 8 	 9.99999996004197E-12 	 6.21082621317763E-11 	 0
68 	 9 	 9.99999996004197E-12 	 6.21082621317763E-11 	 0
68 	 10 	 9.99999996004197E-12 	 6.21082621317763E-11 	 0
68 	 11 	 9.99999996004197E-12 	 6.21082621317763E-11 	 0
68 	 12 	 9.99999996004197E-12 	 6.21082621317763E-11 	 0
68 	 13 	 9.99999996004197E-12 	 6.21082621317763E-11 	 0
68 	 14 	 9.99999996004197E-12 	 6.21082621317763E-11 	 0
68 	 15 	 9.99999996004197E-12 	 6.21082621317763E-11 	 0
68 	 16 	 9.99999996004197E-12 	 6.21082621317763E-11 	 0
68 	 17 	 9.99999996004197E-12 	 6.21082621317763E-11 	 0
68 	 18 	 9.99999996004197E-12 	 6.21082621317763E-11 	 0
68 	 19 	 9.99999996004197E-12 	 6.21082621317763E-11 	 0
68 	 20 	 9.99999996004197E-12 	 6.21082621317763E-11 	 0
69 	 1 	 -9.99999996004197E-12 	 -6.21082621318074E-11 	 60
69 	 2 	 45 	 82.3717845312785 	 60
69 	 3 	 0 	 0 	 0
69 	 4 	 -9.99999996004197E-12 	 -6.21082621318074E-11 	 0
69 	 5 	 -9.99999996004197E-12 	 -6.21082621318074E-11 	 0
69 	 6 	 -9.99999996004197E-12 	 -6.21082621318074E-11 	 0
69 	 7 	 -9.99999996004197E-12 	 -6.21082621318074E-11 	 0
69 	 8 	 -9.99999996004197E-12 	 -6.21082621318074E-11 	 0
69 	 9 	 -9.99999996004197E-12 	 -6.21082621318074E-11 	 0
69 	 10 	 -9.99999996004197E-12 	 -6.21082621318074E-11 	 0
69 	 11 	 -9.99999996004197E-12 	 -6.21082621318074E-11 	 0
69 	 12 	 -9.99999996004197E-12 	 -6.21082621318074E-11 	 0
69 	 13 	 -9.99999996004197E-12 	 -6.21082621318074E-11 	 0
69 	 14 	 -9.99999996004197E-12 	 -6.21082621318074E-11 	 0
69 	 15 	 -9.99999996004197E-12 	 -6.21082621318074E-11 	 0
69 	 16 	 -9.99999996004197E-12 	 -6.21082621318074E-11 	 0
69 	 17 	 -9.99999996004197E-12 	 -6.21082621318074E-11 	 0
69 	 18 	 -9.99999996004197E-12 	 -6.21082621318074E-11 	 0
69 	 19 	 -9.99999996004197E-12 	 -6.21082621318074E-11 	 0
69 	 20 	 -9.99999996004197E-12 	 -6.21082621318074E-11 	 0
70 	 1 	 0 	 0 	 60
70 	 2 	 45 	 82.3717845312785 	 60
70 	 3 	 0 	 0 	 0
70 	 4 	 0 	 0 	 0
70 	 5 	 0 	 0 	 0
70 	 6 	 0 	 0 	 0
70 	 7 	 0 	 0 	 0
70 	 8 	 0 	 0 	 0
70 	 9 	 0 	 0 	 0
70 	 10 	 0 	 0 	 0
70 	 11 	 0 	 0 	 0
70 	 12 	 0 	 0 	 0
70 	 13 	 0 	 0 	 0
70 	 14 	 0 	 0 	 0
70 	 15 	 0 	 0 	 0
70 	 16 	 0 	 0 	 0
70 	 17 	 0 	 0 	 0
70 	 18 	 0 	 0 	 0
70 	 19 	 0 	 0 	 0
70 	 20 	 0 	 0 	 0
71 	 1 	 9.99999996004197E-12 	 6.21082621317763E-11 	 60
71 	 2 	 45 	 82.3717845312785 	 60
71 	 3 	 9.99999996004197E-12 	 6.21082621317763E-11 	 0
71 	 4 	 9.99999996004197E-12 	 6.21082621317763E-11 	 0
71 	 5 	 9.99999996004197E-12 	 6.21082621317763E-11 	 0
71 	 6 	 9.99999996004197E-12 	 6.21082621317763E-11 	 0
71 	 7 	 9.99999996004197E-12 	 6.21082621317763E-11 	 0
71 	 8 	 9.99999996004197E-12 	 6.21082621317763E-11 	 0
71 	 9 	 9.99999996004197E-12 	 6.21082621317763E-11 	 0
71 	 10 	 9.99999996004197E-12 	 6.21082621317763E-11 	 0
71 	 11 	 9.99999996004197E-12 	 6.21082621317763E-11 	 0
71 	 12 	 9.99999996004197E-12 	 6.21082621317763E-11 	 0
71 	 13 	 9.99999996004197E-12 	 6.21082621317763E-11 	 0
71 	 14 	 9.99999996004197E-12 	 6.21082621317763E-11 	 0
71 	 15 	 9.99999996004197E-12 	 6.21082621317763E-11 	 0
71 	 16 	 9.99999996004197E-12 	 6.21082621317763E-11 	 0
71 	 17 	 9.99999996004197E-12 	 6.21082621317763E-11 	 0
71 	 18 	 9.99999996004197E-12 	 6.21082621317763E-11 	 0
71 	 19 	 9.99999996004197E-12 	 6.21082621317763E-11 	 0
71 	 20 	 9.99999996004197E-12 	 6.21082621317763E-11 	 0
72 	 1 	 0 	 0 	 60
72 	 2 	 45 	 82.3717845312785 	 60
72 	 3 	 0 	 0 	 0
72 	 4 	 0 	 0 	 0
72 	 5 	 0 	 0 	 0
72 	 6 	 0 	 0 	 0
72 	 7 	 0 	 0 	 0
72 	 8 	 0 	 0 	 0
72 	 9 	 0 	 0 	 0
72 	 10 	 0 	 0 	 0
72 	 11 	 0 	 0 	 0
72 	 12 	 0 	 0 	 0
72 	 13 	 0 	 0 	 0
72 	 14 	 0 	 0 	 0
72 	 15 	 0 	 0 	 0
72 	 16 	 0 	 0 	 0
72 	 17 	 0 	 0 	 0
72 	 18 	 0 	 0 	 0
72 	 19 	 0 	 0 	 0
72 	 20 	 0 	 0 	 0
73 	 1 	 0 	 0 	 60
73 	 2 	 45 	 82.3717845312785 	 60
73 	 3 	 0 	 0 	 0
73 	 4 	 0 	 0 	 0
73 	 5 	 0 	 0 	 0
73 	 6 	 0 	 0 	 0
73 	 7 	 0 	 0 	 0
73 	 8 	 0 	 0 	 0
73 	 9 	 0 	 0 	 0
73 	 10 	 0 	 0 	 0
73 	 11 	 0 	 0 	 0
73 	 12 	 0 	 0 	 0
73 	 13 	 0 	 0 	 0
73 	 14 	 0 	 0 	 0
73 	 15 	 0 	 0 	 0
73 	 16 	 0 	 0 	 0
73 	 17 	 0 	 0 	 0
73 	 18 	 0 	 0 	 0
73 	 19 	 0 	 0 	 0
73 	 20 	 0 	 0 	 0
74 	 1 	 9.99999996004197E-12 	 6.21082621317763E-11 	 60
74 	 2 	 45 	 82.3717845312785 	 60
74 	 3 	 9.99999996004197E-12 	 6.21082621317763E-11 	 0
74 	 4 	 0 	 0 	 0
74 	 5 	 9.99999996004197E-12 	 6.21082621317763E-11 	 0
74 	 6 	 9.99999996004197E-12 	 6.21082621317763E-11 	 0
74 	 7 	 9.99999996004197E-12 	 6.21082621317763E-11 	 0
74 	 8 	 9.99999996004197E-12 	 6.21082621317763E-11 	 0
74 	 9 	 9.99999996004197E-12 	 6.21082621317763E-11 	 0
74 	 10 	 9.99999996004197E-12 	 6.21082621317763E-11 	 0
74 	 11 	 9.99999996004197E-12 	 6.21082621317763E-11 	 0
74 	 12 	 9.99999996004197E-12 	 6.21082621317763E-11 	 0
74 	 13 	 9.99999996004197E-12 	 6.21082621317763E-11 	 0
74 	 14 	 9.99999996004197E-12 	 6.21082621317763E-11 	 0
74 	 15 	 9.99999996004197E-12 	 6.21082621317763E-11 	 0
74 	 16 	 9.99999996004197E-12 	 6.21082621317763E-11 	 0
74 	 17 	 9.99999996004197E-12 	 6.21082621317763E-11 	 0
74 	 18 	 9.99999996004197E-12 	 6.21082621317763E-11 	 0
74 	 19 	 9.99999996004197E-12 	 6.21082621317763E-11 	 0
74 	 20 	 9.99999996004197E-12 	 6.21082621317763E-11 	 0
75 	 1 	 0 	 0 	 60
75 	 2 	 45 	 82.3717845312785 	 60
75 	 3 	 0 	 0 	 0
75 	 4 	 0 	 0 	 0
75 	 5 	 0 	 0 	 0
75 	 6 	 0 	 0 	 0
75 	 7 	 0 	 0 	 0
75 	 8 	 0 	 0 	 0
75 	 9 	 0 	 0 	 0
75 	 10 	 0 	 0 	 0
75 	 11 	 0 	 0 	 0
75 	 12 	 0 	 0 	 0
75 	 13 	 0 	 0 	 0
75 	 14 	 0 	 0 	 0
75 	 15 	 0 	 0 	 0
75 	 16 	 0 	 0 	 0
75 	 17 	 0 	 0 	 0
75 	 18 	 0 	 0 	 0
75 	 19 	 0 	 0 	 0
75 	 20 	 0 	 0 	 0
76 	 1 	 0 	 0 	 60
76 	 2 	 45 	 82.3717845312785 	 60
76 	 3 	 0 	 0 	 0
76 	 4 	 0 	 0 	 0
76 	 5 	 0 	 0 	 0
76 	 6 	 0 	 0 	 0
76 	 7 	 0 	 0 	 0
76 	 8 	 0 	 0 	 0
76 	 9 	 0 	 0 	 0
76 	 10 	 0 	 0 	 0
76 	 11 	 0 	 0 	 0
76 	 12 	 0 	 0 	 0
76 	 13 	 0 	 0 	 0
76 	 14 	 0 	 0 	 0
76 	 15 	 0 	 0 	 0
76 	 16 	 0 	 0 	 0
76 	 17 	 0 	 0 	 0
76 	 18 	 0 	 0 	 0
76 	 19 	 0 	 0 	 0
76 	 20 	 0 	 0 	 0
77 	 1 	 0 	 0 	 60
77 	 2 	 45 	 82.3717845312785 	 60
77 	 3 	 0 	 0 	 0
77 	 4 	 0 	 0 	 0
77 	 5 	 0 	 0 	 0
77 	 6 	 0 	 0 	 0
77 	 7 	 0 	 0 	 0
77 	 8 	 0 	 0 	 0
77 	 9 	 0 	 0 	 0
77 	 10 	 0 	 0 	 0
77 	 11 	 0 	 0 	 0
77 	 12 	 0 	 0 	 0
77 	 13 	 0 	 0 	 0
77 	 14 	 0 	 0 	 0
77 	 15 	 0 	 0 	 0
77 	 16 	 0 	 0 	 0
77 	 17 	 0 	 0 	 0
77 	 18 	 0 	 0 	 0
77 	 19 	 0 	 0 	 0
77 	 20 	 0 	 0 	 0
78 	 1 	 0 	 0 	 60
78 	 2 	 45 	 82.3717845312785 	 60
78 	 3 	 0 	 0 	 0
78 	 4 	 0 	 0 	 0
78 	 5 	 0 	 0 	 0
78 	 6 	 0 	 0 	 0
78 	 7 	 0 	 0 	 0
78 	 8 	 0 	 0 	 0
78 	 9 	 0 	 0 	 0
78 	 10 	 0 	 0 	 0
78 	 11 	 0 	 0 	 0
78 	 12 	 0 	 0 	 0
78 	 13 	 0 	 0 	 0
78 	 14 	 0 	 0 	 0
78 	 15 	 0 	 0 	 0
78 	 16 	 0 	 0 	 0
78 	 17 	 0 	 0 	 0
78 	 18 	 0 	 0 	 0
78 	 19 	 0 	 0 	 0
78 	 20 	 0 	 0 	 0
79 	 1 	 0 	 0 	 60
79 	 2 	 45 	 82.3717845312785 	 60
79 	 3 	 0 	 0 	 0
79 	 4 	 0 	 0 	 0
79 	 5 	 0 	 0 	 0
79 	 6 	 0 	 0 	 0
79 	 7 	 0 	 0 	 0
79 	 8 	 0 	 0 	 0
79 	 9 	 0 	 0 	 0
79 	 10 	 0 	 0 	 0
79 	 11 	 0 	 0 	 0
79 	 12 	 0 	 0 	 0
79 	 13 	 0 	 0 	 0
79 	 14 	 0 	 0 	 0
79 	 15 	 0 	 0 	 0
79 	 16 	 0 	 0 	 0
79 	 17 	 0 	 0 	 0
79 	 18 	 0 	 0 	 0
79 	 19 	 0 	 0 	 0
79 	 20 	 0 	 0 	 0
80 	 1 	 0 	 0 	 60
80 	 2 	 45 	 82.3717845312785 	 60
80 	 3 	 0 	 0 	 0
80 	 4 	 0 	 0 	 0
80 	 5 	 0 	 0 	 0
80 	 6 	 0 	 0 	 0
80 	 7 	 0 	 0 	 0
80 	 8 	 0 	 0 	 0
80 	 9 	 0 	 0 	 0
80 	 10 	 0 	 0 	 0
80 	 11 	 0 	 0 	 0
80 	 12 	 0 	 0 	 0
80 	 13 	 0 	 0 	 0
80 	 14 	 0 	 0 	 0
80 	 15 	 0 	 0 	 0
80 	 16 	 0 	 0 	 0
80 	 17 	 0 	 0 	 0
80 	 18 	 0 	 0 	 0
80 	 19 	 0 	 0 	 0
80 	 20 	 0 	 0 	 0
81 	 1 	 0 	 0 	 60
81 	 2 	 45 	 82.3717845312785 	 60
81 	 3 	 0 	 0 	 0
81 	 4 	 0 	 0 	 0
81 	 5 	 0 	 0 	 0
81 	 6 	 0 	 0 	 0
81 	 7 	 0 	 0 	 0
81 	 8 	 0 	 0 	 0
81 	 9 	 0 	 0 	 0
81 	 10 	 0 	 0 	 0
81 	 11 	 0 	 0 	 0
81 	 12 	 0 	 0 	 0
81 	 13 	 0 	 0 	 0
81 	 14 	 0 	 0 	 0
81 	 15 	 0 	 0 	 0
81 	 16 	 0 	 0 	 0
81 	 17 	 0 	 0 	 0
81 	 18 	 0 	 0 	 0
81 	 19 	 0 	 0 	 0
81 	 20 	 0 	 0 	 0
82 	 1 	 0 	 0 	 60
82 	 2 	 45 	 82.3717845312785 	 60
82 	 3 	 0 	 0 	 0
82 	 4 	 -9.99999996004197E-12 	 -6.21082621318074E-11 	 0
82 	 5 	 0 	 0 	 0
82 	 6 	 0 	 0 	 0
82 	 7 	 0 	 0 	 0
82 	 8 	 0 	 0 	 0
82 	 9 	 0 	 0 	 0
82 	 10 	 0 	 0 	 0
82 	 11 	 0 	 0 	 0
82 	 12 	 0 	 0 	 0
82 	 13 	 0 	 0 	 0
82 	 14 	 0 	 0 	 0
82 	 15 	 0 	 0 	 0
82 	 16 	 0 	 0 	 0
82 	 17 	 0 	 0 	 0
82 	 18 	 0 	 0 	 0
82 	 19 	 0 	 0 	 0
82 	 20 	 0 	 0 	 0
83 	 1 	 0 	 0 	 60
83 	 2 	 45 	 82.3717845312785 	 60
83 	 3 	 0 	 0 	 0
83 	 4 	 0 	 0 	 0
83 	 5 	 0 	 0 	 0
83 	 6 	 0 	 0 	 0
83 	 7 	 0 	 0 	 0
83 	 8 	 0 	 0 	 0
83 	 9 	 0 	 0 	 0
83 	 10 	 0 	 0 	 0
83 	 11 	 0 	 0 	 0
83 	 12 	 0 	 0 	 0
83 	 13 	 0 	 0 	 0
83 	 14 	 0 	 0 	 0
83 	 15 	 0 	 0 	 0
83 	 16 	 0 	 0 	 0
83 	 17 	 0 	 0 	 0
83 	 18 	 0 	 0 	 0
83 	 19 	 0 	 0 	 0
83 	 20 	 0 	 0 	 0
84 	 1 	 0 	 0 	 60
84 	 2 	 45 	 82.3717845312785 	 60
84 	 3 	 0 	 0 	 0
84 	 4 	 9.99999996004197E-12 	 6.21082621317763E-11 	 0
84 	 5 	 0 	 0 	 0
84 	 6 	 0 	 0 	 0
84 	 7 	 0 	 0 	 0
84 	 8 	 0 	 0 	 0
84 	 9 	 0 	 0 	 0
84 	 10 	 0 	 0 	 0
84 	 11 	 0 	 0 	 0
84 	 12 	 0 	 0 	 0
84 	 13 	 0 	 0 	 0
84 	 14 	 0 	 0 	 0
84 	 15 	 0 	 0 	 0
84 	 16 	 0 	 0 	 0
84 	 17 	 0 	 0 	 0
84 	 18 	 0 	 0 	 0
84 	 19 	 0 	 0 	 0
84 	 20 	 0 	 0 	 0
85 	 1 	 0 	 0 	 60
85 	 2 	 45 	 82.3717845312785 	 60
85 	 3 	 0 	 0 	 0
85 	 4 	 -9.99999996004197E-12 	 -6.21082621318074E-11 	 0
85 	 5 	 0 	 0 	 0
85 	 6 	 0 	 0 	 0
85 	 7 	 0 	 0 	 0
85 	 8 	 0 	 0 	 0
85 	 9 	 0 	 0 	 0
85 	 10 	 0 	 0 	 0
85 	 11 	 0 	 0 	 0
85 	 12 	 0 	 0 	 0
85 	 13 	 0 	 0 	 0
85 	 14 	 0 	 0 	 0
85 	 15 	 0 	 0 	 0
85 	 16 	 0 	 0 	 0
85 	 17 	 0 	 0 	 0
85 	 18 	 0 	 0 	 0
85 	 19 	 0 	 0 	 0
85 	 20 	 0 	 0 	 0
86 	 1 	 0 	 0 	 60
86 	 2 	 45 	 82.3717845312785 	 60
86 	 3 	 0 	 0 	 0
86 	 4 	 0 	 0 	 0
86 	 5 	 0 	 0 	 0
86 	 6 	 0 	 0 	 0
86 	 7 	 0 	 0 	 0
86 	 8 	 0 	 0 	 0
86 	 9 	 0 	 0 	 0
86 	 10 	 0 	 0 	 0
86 	 11 	 0 	 0 	 0
86 	 12 	 0 	 0 	 0
86 	 13 	 0 	 0 	 0
86 	 14 	 0 	 0 	 0
86 	 15 	 0 	 0 	 0
86 	 16 	 0 	 0 	 0
86 	 17 	 0 	 0 	 0
86 	 18 	 0 	 0 	 0
86 	 19 	 0 	 0 	 0
86 	 20 	 0 	 0 	 0
87 	 1 	 0 	 0 	 60
87 	 2 	 45 	 82.3717845312785 	 60
87 	 3 	 0 	 0 	 0
87 	 4 	 0 	 0 	 0
87 	 5 	 0 	 0 	 0
87 	 6 	 0 	 0 	 0
87 	 7 	 0 	 0 	 0
87 	 8 	 0 	 0 	 0
87 	 9 	 0 	 0 	 0
87 	 10 	 0 	 0 	 0
87 	 11 	 0 	 0 	 0
87 	 12 	 0 	 0 	 0
87 	 13 	 0 	 0 	 0
87 	 14 	 0 	 0 	 0
87 	 15 	 0 	 0 	 0
87 	 16 	 0 	 0 	 0
87 	 17 	 0 	 0 	 0
87 	 18 	 0 	 0 	 0
87 	 19 	 0 	 0 	 0
87 	 20 	 0 	 0 	 0
88 	 1 	 0 	 0 	 60
88 	 2 	 45 	 82.3717845312785 	 60
88 	 3 	 0 	 0 	 0
88 	 4 	 0 	 0 	 0
89 	 1 	 0 	 0 	 60
89 	 2 	 45 	 82.3717845312785 	 60
89 	 3 	 0 	 0 	 0
90 	 1 	 0 	 0 	 60
90 	 2 	 45 	 82.3717845312785 	 60
90 	 3 	 0 	 0 	 0
91 	 1 	 0 	 0 	 60
91 	 2 	 45 	 82.3717845312785 	 60
91 	 3 	 0 	 0 	 0
92 	 1 	 0 	 0 	 60
92 	 2 	 45 	 82.3717845312785 	 60
92 	 3 	 0 	 0 	 0
93 	 1 	 0 	 0 	 60
93 	 2 	 45 	 82.3717845312785 	 60
93 	 3 	 0 	 0 	 0
94 	 1 	 0 	 0 	 60
94 	 2 	 45 	 82.3717845312785 	 60
94 	 3 	 0 	 0 	 0
95 	 1 	 0 	 0 	 60
95 	 2 	 45 	 82.3717845312785 	 60
95 	 3 	 1.01628291606903 	 6.15246014579651 	 1.01628291976022
95 	 4 	 0 	 0 	 0
96 	 1 	 0 	 0 	 60
96 	 2 	 45 	 82.3717845312785 	 60
96 	 3 	 0 	 0 	 0
